KOHEZIJSKA REGIJA,STAROST,POLLETJE,SPOL,value_num
0,999,2008H1,0,2025866.0
0,999,2008H1,1,1000624.0
0,999,2008H1,2,1025242.0
0,999,2008H2,0,2022629.0
0,999,2008H2,1,996969.0
0,999,2008H2,2,1025660.0
0,999,2009H1,0,2032362.0
0,999,2009H1,1,1003945.0
0,999,2009H1,2,1028417.0
0,999,2009H2,0,2042335.0
0,999,2009H2,1,1011767.0
0,999,2009H2,2,1030568.0
0,999,2010H1,0,2046976.0
0,999,2010H1,1,1014107.0
0,999,2010H1,2,1032869.0
0,999,2010H2,0,2049261.0
0,999,2010H2,1,1014716.0
0,999,2010H2,2,1034545.0
0,999,2011H1,0,2050189.0
0,999,2011H1,1,1014563.0
0,999,2011H1,2,1035626.0
0,999,2011H2,0,2052496.0
0,999,2011H2,1,1015430.0
0,999,2011H2,2,1037066.0
0,999,2012H1,0,2055496.0
0,999,2012H1,1,1016731.0
0,999,2012H1,2,1038765.0
0,999,2012H2,0,2056262.0
0,999,2012H2,1,1017414.0
0,999,2012H2,2,1038848.0
0,999,2013H1,0,2058821.0
0,999,2013H1,1,1019061.0
0,999,2013H1,2,1039760.0
0,999,2013H2,0,2059114.0
0,999,2013H2,1,1019658.0
0,999,2013H2,2,1039456.0
0,999,2014H1,0,2061085.0
0,999,2014H1,1,1020874.0
0,999,2014H1,2,1040211.0
0,999,2014H2,0,2061623.0
0,999,2014H2,1,1021419.0
0,999,2014H2,2,1040204.0
0,999,2015H1,0,2062874.0
0,999,2015H1,1,1022229.0
0,999,2015H1,2,1040645.0
0,999,2015H2,0,2063077.0
0,999,2015H2,1,1022554.0
0,999,2015H2,2,1040523.0
0,999,2016H1,0,2064188.0
0,999,2016H1,1,1023333.0
0,999,2016H1,2,1040855.0
0,999,2016H2,0,2064241.0
0,999,2016H2,1,1023872.0
0,999,2016H2,2,1040369.0
0,999,2017H1,0,2065895.0
0,999,2017H1,1,1025125.0
0,999,2017H1,2,1040770.0
0,999,2017H2,0,2066161.0
0,999,2017H2,1,1025973.0
0,999,2017H2,2,1040188.0
0,999,2018H1,0,2066880.0
0,999,2018H1,1,1027041.0
0,999,2018H1,2,1039839.0
0,999,2018H2,0,2070050.0
0,999,2018H2,1,1030234.0
0,999,2018H2,2,1039816.0
0,999,2019H1,0,2080908.0
0,999,2019H1,1,1038656.0
0,999,2019H1,2,1042252.0
0,999,2019H2,0,2089310.0
0,999,2019H2,1,1045835.0
0,999,2019H2,2,1043475.0
0,999,2020H1,0,2095861.0
0,999,2020H1,1,1051066.0
0,999,2020H1,2,1044795.0
0,999,2020H2,0,2100126.0
0,999,2020H2,1,1054483.0
0,999,2020H2,2,1045643.0
0,999,2021H1,0,2108977.0
0,999,2021H1,1,1059938.0
0,999,2021H1,2,1049039.0
0,999,2021H2,0,2107007.0
0,999,2021H2,1,1058128.0
0,999,2021H2,2,1048879.0
0,999,2022H1,0,2107180.0
0,999,2022H1,1,1057695.0
0,999,2022H1,2,1049485.0
0,999,2022H2,0,2108732.0
0,999,2022H2,1,1059168.0
0,999,2022H2,2,1049564.0
0,999,2023H1,0,2116972.0
0,999,2023H1,1,1063271.0
0,999,2023H1,2,1053701.0
0,999,2023H2,0,2120937.0
0,999,2023H2,1,1066634.0
0,999,2023H2,2,1054303.0
0,999,2024H1,0,2123949.0
0,999,2024H1,1,1068429.0
0,999,2024H1,2,1055520.0
0,999,2024H2,0,2126324.0
0,999,2024H2,1,1069930.0
0,999,2024H2,2,1056394.0
0,999,2025H1,0,2130850.0
0,999,2025H1,1,1072276.0
0,999,2025H1,2,1058574.0
0,999,2025H2,0,2130986.0
0,999,2025H2,1,1072143.0
0,999,2025H2,2,1058843.0
0,0,2008H1,0,19565.0
0,0,2008H1,1,10016.0
0,0,2008H1,2,9549.0
0,0,2008H2,0,20842.0
0,0,2008H2,1,10718.0
0,0,2008H2,2,10124.0
0,0,2009H1,0,21904.0
0,0,2009H1,1,11166.0
0,0,2009H1,2,10738.0
0,0,2009H2,0,22024.0
0,0,2009H2,1,11303.0
0,0,2009H2,2,10721.0
0,0,2010H1,0,21793.0
0,0,2010H1,1,11280.0
0,0,2010H1,2,10513.0
0,0,2010H2,0,22126.0
0,0,2010H2,1,11431.0
0,0,2010H2,2,10695.0
0,0,2011H1,0,22420.0
0,0,2011H1,1,11542.0
0,0,2011H1,2,10878.0
0,0,2011H2,0,22105.0
0,0,2011H2,1,11377.0
0,0,2011H2,2,10728.0
0,0,2012H1,0,22003.0
0,0,2012H1,1,11268.0
0,0,2012H1,2,10735.0
0,0,2012H2,0,22004.0
0,0,2012H2,1,11246.0
0,0,2012H2,2,10758.0
0,0,2013H1,0,22003.0
0,0,2013H1,1,11359.0
0,0,2013H1,2,10644.0
0,0,2013H2,0,21471.0
0,0,2013H2,1,11082.0
0,0,2013H2,2,10389.0
0,0,2014H1,0,21099.0
0,0,2014H1,1,10803.0
0,0,2014H1,2,10296.0
0,0,2014H2,0,21308.0
0,0,2014H2,1,10957.0
0,0,2014H2,2,10351.0
0,0,2015H1,0,21146.0
0,0,2015H1,1,10917.0
0,0,2015H1,2,10229.0
0,0,2015H2,0,20965.0
0,0,2015H2,1,10755.0
0,0,2015H2,2,10210.0
0,0,2016H1,0,20620.0
0,0,2016H1,1,10596.0
0,0,2016H1,2,10024.0
0,0,2016H2,0,20412.0
0,0,2016H2,1,10463.0
0,0,2016H2,2,9949.0
0,0,2017H1,0,20324.0
0,0,2017H1,1,10357.0
0,0,2017H1,2,9967.0
0,0,2017H2,0,20230.0
0,0,2017H2,1,10397.0
0,0,2017H2,2,9833.0
0,0,2018H1,0,20224.0
0,0,2018H1,1,10476.0
0,0,2018H1,2,9748.0
0,0,2018H2,0,19905.0
0,0,2018H2,1,10267.0
0,0,2018H2,2,9638.0
0,0,2019H1,0,19571.0
0,0,2019H1,1,10143.0
0,0,2019H1,2,9428.0
0,0,2019H2,0,19416.0
0,0,2019H2,1,10115.0
0,0,2019H2,2,9301.0
0,0,2020H1,0,19299.0
0,0,2020H1,1,9959.0
0,0,2020H1,2,9340.0
0,0,2020H2,0,19031.0
0,0,2020H2,1,9795.0
0,0,2020H2,2,9236.0
0,0,2021H1,0,18734.0
0,0,2021H1,1,9675.0
0,0,2021H1,2,9059.0
0,0,2021H2,0,18675.0
0,0,2021H2,1,9604.0
0,0,2021H2,2,9071.0
0,0,2022H1,0,18968.0
0,0,2022H1,1,9805.0
0,0,2022H1,2,9163.0
0,0,2022H2,0,18485.0
0,0,2022H2,1,9595.0
0,0,2022H2,2,8890.0
0,0,2023H1,0,17584.0
0,0,2023H1,1,9023.0
0,0,2023H1,2,8561.0
0,0,2023H2,0,17343.0
0,0,2023H2,1,8885.0
0,0,2023H2,2,8458.0
0,0,2024H1,0,16960.0
0,0,2024H1,1,8662.0
0,0,2024H1,2,8298.0
0,0,2024H2,0,16836.0
0,0,2024H2,1,8703.0
0,0,2024H2,2,8133.0
0,0,2025H1,0,16864.0
0,0,2025H1,1,8833.0
0,0,2025H1,2,8031.0
0,0,2025H2,0,16870.0
0,0,2025H2,1,8693.0
0,0,2025H2,2,8177.0
0,1,2008H1,0,19260.0
0,1,2008H1,1,9931.0
0,1,2008H1,2,9329.0
0,1,2008H2,0,19783.0
0,1,2008H2,1,10139.0
0,1,2008H2,2,9644.0
0,1,2009H1,0,20275.0
0,1,2009H1,1,10403.0
0,1,2009H1,2,9872.0
0,1,2009H2,0,21124.0
0,1,2009H2,1,10852.0
0,1,2009H2,2,10272.0
0,1,2010H1,0,22213.0
0,1,2010H1,1,11324.0
0,1,2010H1,2,10889.0
0,1,2010H2,0,22287.0
0,1,2010H2,1,11433.0
0,1,2010H2,2,10854.0
0,1,2011H1,0,21997.0
0,1,2011H1,1,11392.0
0,1,2011H1,2,10605.0
0,1,2011H2,0,22272.0
0,1,2011H2,1,11501.0
0,1,2011H2,2,10771.0
0,1,2012H1,0,22576.0
0,1,2012H1,1,11643.0
0,1,2012H1,2,10933.0
0,1,2012H2,0,22309.0
0,1,2012H2,1,11501.0
0,1,2012H2,2,10808.0
0,1,2013H1,0,22117.0
0,1,2013H1,1,11341.0
0,1,2013H1,2,10776.0
0,1,2013H2,0,22116.0
0,1,2013H2,1,11313.0
0,1,2013H2,2,10803.0
0,1,2014H1,0,22101.0
0,1,2014H1,1,11407.0
0,1,2014H1,2,10694.0
0,1,2014H2,0,21556.0
0,1,2014H2,1,11140.0
0,1,2014H2,2,10416.0
0,1,2015H1,0,21188.0
0,1,2015H1,1,10842.0
0,1,2015H1,2,10346.0
0,1,2015H2,0,21345.0
0,1,2015H2,1,10985.0
0,1,2015H2,2,10360.0
0,1,2016H1,0,21172.0
0,1,2016H1,1,10919.0
0,1,2016H1,2,10253.0
0,1,2016H2,0,20990.0
0,1,2016H2,1,10779.0
0,1,2016H2,2,10211.0
0,1,2017H1,0,20607.0
0,1,2017H1,1,10589.0
0,1,2017H1,2,10018.0
0,1,2017H2,0,20448.0
0,1,2017H2,1,10477.0
0,1,2017H2,2,9971.0
0,1,2018H1,0,20341.0
0,1,2018H1,1,10362.0
0,1,2018H1,2,9979.0
0,1,2018H2,0,20296.0
0,1,2018H2,1,10422.0
0,1,2018H2,2,9874.0
0,1,2019H1,0,20317.0
0,1,2019H1,1,10527.0
0,1,2019H1,2,9790.0
0,1,2019H2,0,20031.0
0,1,2019H2,1,10334.0
0,1,2019H2,2,9697.0
0,1,2020H1,0,19701.0
0,1,2020H1,1,10193.0
0,1,2020H1,2,9508.0
0,1,2020H2,0,19544.0
0,1,2020H2,1,10169.0
0,1,2020H2,2,9375.0
0,1,2021H1,0,19480.0
0,1,2021H1,1,10044.0
0,1,2021H1,2,9436.0
0,1,2021H2,0,19184.0
0,1,2021H2,1,9881.0
0,1,2021H2,2,9303.0
0,1,2022H1,0,18866.0
0,1,2022H1,1,9749.0
0,1,2022H1,2,9117.0
0,1,2022H2,0,18807.0
0,1,2022H2,1,9665.0
0,1,2022H2,2,9142.0
0,1,2023H1,0,19208.0
0,1,2023H1,1,9931.0
0,1,2023H1,2,9277.0
0,1,2023H2,0,18655.0
0,1,2023H2,1,9678.0
0,1,2023H2,2,8977.0
0,1,2024H1,0,17719.0
0,1,2024H1,1,9087.0
0,1,2024H1,2,8632.0
0,1,2024H2,0,17483.0
0,1,2024H2,1,8957.0
0,1,2024H2,2,8526.0
0,1,2025H1,0,17107.0
0,1,2025H1,1,8733.0
0,1,2025H1,2,8374.0
0,1,2025H2,0,16934.0
0,1,2025H2,1,8756.0
0,1,2025H2,2,8178.0
0,2,2008H1,0,18411.0
0,2,2008H1,1,9479.0
0,2,2008H1,2,8932.0
0,2,2008H2,0,18680.0
0,2,2008H2,1,9560.0
0,2,2008H2,2,9120.0
0,2,2009H1,0,19361.0
0,2,2009H1,1,9986.0
0,2,2009H1,2,9375.0
0,2,2009H2,0,19907.0
0,2,2009H2,1,10202.0
0,2,2009H2,2,9705.0
0,2,2010H1,0,20392.0
0,2,2010H1,1,10460.0
0,2,2010H1,2,9932.0
0,2,2010H2,0,21241.0
0,2,2010H2,1,10909.0
0,2,2010H2,2,10332.0
0,2,2011H1,0,22249.0
0,2,2011H1,1,11344.0
0,2,2011H1,2,10905.0
0,2,2011H2,0,22286.0
0,2,2011H2,1,11433.0
0,2,2011H2,2,10853.0
0,2,2012H1,0,22057.0
0,2,2012H1,1,11427.0
0,2,2012H1,2,10630.0
0,2,2012H2,0,22350.0
0,2,2012H2,1,11549.0
0,2,2012H2,2,10801.0
0,2,2013H1,0,22683.0
0,2,2013H1,1,11694.0
0,2,2013H1,2,10989.0
0,2,2013H2,0,22394.0
0,2,2013H2,1,11545.0
0,2,2013H2,2,10849.0
0,2,2014H1,0,22178.0
0,2,2014H1,1,11377.0
0,2,2014H1,2,10801.0
0,2,2014H2,0,22121.0
0,2,2014H2,1,11330.0
0,2,2014H2,2,10791.0
0,2,2015H1,0,22109.0
0,2,2015H1,1,11418.0
0,2,2015H1,2,10691.0
0,2,2015H2,0,21565.0
0,2,2015H2,1,11151.0
0,2,2015H2,2,10414.0
0,2,2016H1,0,21222.0
0,2,2016H1,1,10861.0
0,2,2016H1,2,10361.0
0,2,2016H2,0,21368.0
0,2,2016H2,1,10974.0
0,2,2016H2,2,10394.0
0,2,2017H1,0,21209.0
0,2,2017H1,1,10940.0
0,2,2017H1,2,10269.0
0,2,2017H2,0,21016.0
0,2,2017H2,1,10791.0
0,2,2017H2,2,10225.0
0,2,2018H1,0,20614.0
0,2,2018H1,1,10598.0
0,2,2018H1,2,10016.0
0,2,2018H2,0,20449.0
0,2,2018H2,1,10486.0
0,2,2018H2,2,9963.0
0,2,2019H1,0,20461.0
0,2,2019H1,1,10413.0
0,2,2019H1,2,10048.0
0,2,2019H2,0,20449.0
0,2,2019H2,1,10486.0
0,2,2019H2,2,9963.0
0,2,2020H1,0,20410.0
0,2,2020H1,1,10580.0
0,2,2020H1,2,9830.0
0,2,2020H2,0,20115.0
0,2,2020H2,1,10391.0
0,2,2020H2,2,9724.0
0,2,2021H1,0,19847.0
0,2,2021H1,1,10279.0
0,2,2021H1,2,9568.0
0,2,2021H2,0,19672.0
0,2,2021H2,1,10233.0
0,2,2021H2,2,9439.0
0,2,2022H1,0,19582.0
0,2,2022H1,1,10092.0
0,2,2022H1,2,9490.0
0,2,2022H2,0,19294.0
0,2,2022H2,1,9925.0
0,2,2022H2,2,9369.0
0,2,2023H1,0,19030.0
0,2,2023H1,1,9828.0
0,2,2023H1,2,9202.0
0,2,2023H2,0,18932.0
0,2,2023H2,1,9736.0
0,2,2023H2,2,9196.0
0,2,2024H1,0,19258.0
0,2,2024H1,1,9953.0
0,2,2024H1,2,9305.0
0,2,2024H2,0,18744.0
0,2,2024H2,1,9703.0
0,2,2024H2,2,9041.0
0,2,2025H1,0,17828.0
0,2,2025H1,1,9139.0
0,2,2025H1,2,8689.0
0,2,2025H2,0,17566.0
0,2,2025H2,1,8995.0
0,2,2025H2,2,8571.0
0,3,2008H1,0,18192.0
0,3,2008H1,1,9229.0
0,3,2008H1,2,8963.0
0,3,2008H2,0,18358.0
0,3,2008H2,1,9387.0
0,3,2008H2,2,8971.0
0,3,2009H1,0,18484.0
0,3,2009H1,1,9521.0
0,3,2009H1,2,8963.0
0,3,2009H2,0,18786.0
0,3,2009H2,1,9628.0
0,3,2009H2,2,9158.0
0,3,2010H1,0,19463.0
0,3,2010H1,1,10037.0
0,3,2010H1,2,9426.0
0,3,2010H2,0,19982.0
0,3,2010H2,1,10243.0
0,3,2010H2,2,9739.0
0,3,2011H1,0,20420.0
0,3,2011H1,1,10477.0
0,3,2011H1,2,9943.0
0,3,2011H2,0,21258.0
0,3,2011H2,1,10915.0
0,3,2011H2,2,10343.0
0,3,2012H1,0,22297.0
0,3,2012H1,1,11358.0
0,3,2012H1,2,10939.0
0,3,2012H2,0,22336.0
0,3,2012H2,1,11461.0
0,3,2012H2,2,10875.0
0,3,2013H1,0,22153.0
0,3,2013H1,1,11472.0
0,3,2013H1,2,10681.0
0,3,2013H2,0,22452.0
0,3,2013H2,1,11601.0
0,3,2013H2,2,10851.0
0,3,2014H1,0,22681.0
0,3,2014H1,1,11694.0
0,3,2014H1,2,10987.0
0,3,2014H2,0,22409.0
0,3,2014H2,1,11562.0
0,3,2014H2,2,10847.0
0,3,2015H1,0,22180.0
0,3,2015H1,1,11387.0
0,3,2015H1,2,10793.0
0,3,2015H2,0,22165.0
0,3,2015H2,1,11361.0
0,3,2015H2,2,10804.0
0,3,2016H1,0,22129.0
0,3,2016H1,1,11444.0
0,3,2016H1,2,10685.0
0,3,2016H2,0,21572.0
0,3,2016H2,1,11148.0
0,3,2016H2,2,10424.0
0,3,2017H1,0,21208.0
0,3,2017H1,1,10855.0
0,3,2017H1,2,10353.0
0,3,2017H2,0,21388.0
0,3,2017H2,1,10985.0
0,3,2017H2,2,10403.0
0,3,2018H1,0,21185.0
0,3,2018H1,1,10923.0
0,3,2018H1,2,10262.0
0,3,2018H2,0,21012.0
0,3,2018H2,1,10787.0
0,3,2018H2,2,10225.0
0,3,2019H1,0,20687.0
0,3,2019H1,1,10635.0
